1 3088.0 128
2 3344.0 128
3 0.0 128
4 0.0 128
5 0.0 128
6 0.0 128
7 0.0 128
8 0.0 128
9 3088.0 128
10 3344.0 128
11 0.0 128
12 0.0 128
13 0.0 128
14 0.0 128
15 0.0 128
16 0.0 128
17 3088.0 128
18 3344.0 128
19 0.0 128
20 0.0 128
21 0.0 128
22 0.0 128
23 0.0 128
24 0.0 128
25 3088.0 128
26 3344.0 128
27 0.0 128
28 0.0 128
29 0.0 128
30 0.0 128
31 0.0 128
32 0.0 128
65 0.0 128
66 0.0 128
67 0.0 128
68 0.0 128
69 0.0 128
70 0.0 128
71 0.0 128
72 0.0 128
73 0.0 128
74 0.0 128
75 0.0 128
76 0.0 128
77 0.0 128
78 0.0 128
79 0.0 128
80 0.0 128
81 0.0 128
82 0.0 128
83 0.0 128
84 0.0 128
85 0.0 128
86 0.0 128
87 0.0 128
88 0.0 128
89 0.0 128
90 0.0 128
91 0.0 128
92 0.0 128
93 0.0 128
94 0.0 128
95 0.0 128
96 0.0 128

