 4700  1.8
 4728.0 1.7735
 4736.0 1.7790
 4744.0 1.7908
 4780.0 1.7630
 4788.0 1.7790
 4796.0 1.7300
 4804.0 1.7880
 4858.0 1.7345
 4866.0 1.7322
 4874.0 1.7317
 4882.0 1.7219
 4890.0 1.7072
 4898.0 1.6876
 4906.0 1.6774
 4914.0 1.6679
 4922.0 1.6684
 4930.0 1.6701
 4938.0 1.6713
 4946.0 1.6798
 4954.0 1.6691
 4962.0 1.6849
 4970.0 1.6849
 4978.0 1.6887
 4986.0 1.6954
 4994.0 1.6896
 5002.0 1.6943
 5010.0 1.6913
 5018.0 1.7202
 5026.0 1.7332
 5034.0 1.7624
 5042.0 1.7853
 5050.0 1.8035
 5058.0 1.8113
 5066.0 1.8121
 5074.0 1.8177
 5082.0 1.8141
 5090.0 1.8301
 5098.0 1.8204
 5106.0 1.8333
 5114.0 1.8154
 5122.0 1.8168
 5130.0 1.8302
 5136.0 1.8258
 5500  1.8
