 4700  1.8
 4728.0 1.7735
 4736.0 1.7790
 4744.0 1.7908
 4858.0 1.7574
 4866.0 1.7574
 4874.0 1.7597
 4882.0 1.7476
 4890.0 1.7360
 4898.0 1.7177
 4906.0 1.7013
 4914.0 1.6914
 4922.0 1.6922
 4930.0 1.6913
 4938.0 1.6925
 4944.0 1.6868
 4948.0 1.7025
 4952.0 1.7046
 4956.0 1.7101
 4964.0 1.7158
 4972.0 1.7254
 4980.0 1.7203
 4988.0 1.7186
 4996.0 1.7098
 5004.0 1.7101
 5012.0 1.7095
 5020.0 1.7253
 5028.0 1.7474
 5036.0 1.7711
 5044.0 1.8024
 5052.0 1.8135
 5058.0 1.8340
 5066.0 1.8343
 5074.0 1.8403
 5082.0 1.8364
 5090.0 1.8525
 5098.0 1.8428
 5106.0 1.8689
 5114.0 1.8670
 5122.0 1.8678
 5130.0 1.8700
 5136.0 1.8487
 5500  1.8
