 1100 10.8 
 1270 10.8 
 1275.0 8.2230
 1279.0 9.3065
 1287.0 8.4645
 1295.0 8.3360
 1303.0 8.9400
 1311.0 10.2475
 1319.0 11.9395
 1327.0 13.1395
 1335.0 13.6115
 1343.0 13.5430
 1351.0 13.5745
 1354.0 13.6740
 1359.0 13.9710
 1362.0 14.1450
 1367.0 14.3845
 1370.0 14.4330
 1374.0 14.3713
 1378.0 14.0715
 1382.0 13.6217
 1390.0 12.5467
 1394.0 12.0210
 1398.0 11.5797
 1402.0 11.3677
 1410.0 11.4957
 1418.0 12.2417
 1426.0 13.2730
 1434.0 13.8693
 1442.0 13.3483
 1450.0 11.9767
 1458.0 10.8727
 1466.0 10.4570
 1474.0 10.3000
 1482.0 11.1570
 1490.0 12.0290
 1498.0 12.7183
 1502.0 12.8247
 1506.0 12.7750
 1594.0 14.8927
 1602.0 14.8723
 1604.0 14.8930
 1610.0 14.3305
 1612.0 13.6560
 1614.0 13.6300
 1618.0 13.1817
 1620.0 13.5080
 1622.0 13.8360
 1628.0 12.9760
 1630.0 12.5435
 1634.0 12.4280
 1636.0 12.8410
 1638.0 12.9247
 1642.0 13.3760
 1644.0 13.5930
 1646.0 13.7327
 1650.0 14.3620
 1652.0 14.7380
 1654.0 15.1230
 1658.0 15.9580
 1660.0 16.3100
 1662.0 16.5775
 1666.0 17.1470
 1668.0 17.3110
 1670.0 17.2913
 1674.0 17.2790
 1676.0 17.0820
 1678.0 16.6958
 1682.0 16.0970
 1684.0 15.8840
 1686.0 15.3815
 1692.0 14.7460
 1694.0 14.2840
 1700.0 14.3000
 1702.0 14.2580
 1708.0 14.5450
 1710.0 14.5976
 1712.0 14.9050
 1716.0 15.3700
 1718.0 15.6514
 1722.0 16.2534
 1726.0 16.7454
