 4700  1.8
 4720.0 1.8070
 4728.0 1.8237
 4736.0 1.8388
 4744.0 1.8357
 4780.0 1.7550
 4788.0 1.7630
 4796.0 1.7630
 4804.0 1.7470
 4858.0 1.7448
 4866.0 1.7417
 4874.0 1.7382
 4882.0 1.7385
 4890.0 1.7271
 4898.0 1.7141
 4906.0 1.7000
 4914.0 1.6932
 4922.0 1.6969
 4930.0 1.7055
 4938.0 1.7063
 4946.0 1.7117
 4954.0 1.7089
 4962.0 1.7110
 4970.0 1.7127
 4978.0 1.7098
 4986.0 1.6993
 4994.0 1.6951
 5002.0 1.6948
 5010.0 1.7019
 5018.0 1.7213
 5026.0 1.7532
 5034.0 1.7706
 5042.0 1.7942
 5050.0 1.8094
 5058.0 1.8196
 5066.0 1.8233
 5074.0 1.8147
 5082.0 1.8238
 5090.0 1.8249
 5098.0 1.8154
 5106.0 1.8178
 5114.0 1.8054
 5122.0 1.8106
 5130.0 1.8040
 5136.0 1.8080
 5500  1.8
