 22118.0 3.9695
 22126.0 3.8740
 22134.0 3.9220
 22142.0 3.8680
 22182.0 3.8800
 22184.0 3.9810
 22188.0 4.7890
 22190.0 3.7510
 22192.0 4.2990
 22196.0 4.8063
 22198.0 3.8060
 22204.0 4.9463
 22206.0 3.8930
 22212.0 5.0307
 22214.0 5.4735
 22220.0 4.7477
 22222.0 5.4860
 22228.0 4.7313
 22230.0 5.4080
 22236.0 4.5190
 22238.0 5.3470
 22244.0 4.4040
 22252.0 4.5933
 22260.0 4.4540
 22268.0 4.4633
 22276.0 4.4353
 22278.0 5.8340
 22284.0 3.9050
 22286.0 5.9850
 22292.0 3.7910
 22294.0 6.1350
 22302.0 5.8720
 22310.0 4.7687
 22318.0 4.8030
 22326.0 4.7573
 22334.0 4.9707
 22342.0 4.3490
 22350.0 4.3760
 22358.0 4.2745
 22366.0 4.0910
 22374.0 4.6315
 22382.0 4.2815
 22390.0 4.4245
 22396.0 4.1885
