 4000.0 6.5000
 4100.0 6.5000
 4200.0 6.5000
 4300.0 6.5000
 4400.0 6.5000
 4500.0 6.5000
 4600.0 6.5000
 4700.0 6.5000
 4800.0 6.5000
 4822.0 7.0599
 4826.0 6.9073
 4830.0 6.7453
 4834.0 7.4778
 4838.0 7.1060
 4842.0 6.8066
 4846.0 6.9460
 4850.0 7.1406
 4854.0 7.2594
 4858.0 7.0881
 4862.0 6.8457
 4866.0 6.9129
 4870.0 6.9158
 4874.0 6.9344
 4878.0 7.0983
 4882.0 7.5883
 4886.0 7.8379
 4890.0 7.9699
 4894.0 8.2704
 4898.0 8.3854
 4900.0 7.3593
 4902.0 8.1150
 4906.0 7.3320
 4910.0 7.2757
 4914.0 7.3697
 4918.0 7.3240
 4922.0 7.1477
 4926.0 6.6193
 4934.0 6.9753
 4938.0 7.5546
 4942.0 7.3321
 4946.0 7.1499
 4950.0 7.5624
 4954.0 8.0606
 4958.0 7.8193
 4962.0 7.7226
 4966.0 7.8100
 4970.0 7.5919
 4974.0 7.6337
 4978.0 7.4464
 4982.0 6.9908
 4986.0 7.4804
 4990.0 7.5281
 4994.0 7.5379
 4998.0 7.6367
 5002.0 7.6497
 5006.0 7.6937
 5010.0 7.6887
 5014.0 7.7923
 5018.0 7.5667
 5022.0 7.2358
 5026.0 7.3007
 5030.0 7.4909
 5034.0 7.2810
 5038.0 7.1279
 5042.0 7.2380
 5046.0 7.3256
 5050.0 7.2874
 5054.0 7.3530
 5058.0 7.3250
 5062.0 7.4865
 5066.0 7.6240
 5070.0 7.4959
 5074.0 7.2137
 5078.0 7.0411
 5082.0 7.0831
 5086.0 7.2111
 5090.0 7.3449
 5094.0 7.4330
 5098.0 7.2799
 5100.0 6.5191
 5104.0 6.4551
 5200.0 6.5000
 5300.0 6.5000
 5400.0 6.5000
 5500.0 6.5000
 5600.0 6.5000
 5700.0 6.5000
 5800.0 6.5000
 5900.0 6.5000
 6000.0 6.5000
