 4000.0 6.5000
 4100.0 6.5000
 4200.0 6.5000
 4300.0 6.5000
 4400.0 6.5000
 4500.0 6.5000
 4600.0 6.5000
 4700.0 6.5000
 4800.0 6.5000
 4822.0 7.1784
 4826.0 7.3329
 4830.0 7.2724
 4838.0 7.2360
 4842.0 7.7765
 4846.0 7.4450
 4850.0 7.5490
 4854.0 7.4927
 4858.0 7.4969
 4862.0 7.3336
 4866.0 7.2373
 4870.0 7.3009
 4874.0 7.5067
 4878.0 7.8676
 4882.0 7.7083
 4886.0 7.4101
 4890.0 7.4739
 4894.0 7.4127
 4898.0 7.4530
 4900.0 7.3635
 4902.0 7.3201
 4906.0 7.5435
 4910.0 7.9380
 4914.0 8.0451
 4918.0 7.7299
 4922.0 7.7880
 4926.0 7.6291
 4938.0 7.6196
 4942.0 7.8251
 4946.0 7.8277
 4950.0 7.8806
 4954.0 7.7054
 4958.0 7.4624
 4962.0 7.4061
 4966.0 7.4240
 4970.0 7.3646
 4974.0 7.4739
 4978.0 7.3681
 4982.0 7.4461
 4986.0 7.6710
 4990.0 7.5454
 4994.0 7.3594
 4998.0 7.6913
 5002.0 7.8397
 5006.0 8.0591
 5010.0 8.1635
 5014.0 8.1229
 5018.0 7.8126
 5022.0 7.6234
 5026.0 7.6617
 5030.0 7.5762
 5034.0 7.6161
 5038.0 7.4991
 5042.0 7.5356
 5046.0 7.5833
 5050.0 7.5027
 5054.0 7.3966
 5058.0 7.4560
 5062.0 7.2590
 5066.0 7.2299
 5070.0 7.3674
 5074.0 7.4610
 5078.0 7.4739
 5082.0 7.4861
 5086.0 7.3830
 5090.0 7.3704
 5094.0 7.6471
 5098.0 7.6623
 5100.0 6.6644
 5104.0 6.6626
 5200.0 6.5000
 5300.0 6.5000
 5400.0 6.5000
 5500.0 6.5000
 5600.0 6.5000
 5700.0 6.5000
 5800.0 6.5000
 5900.0 6.5000
 6000.0 6.5000
