 4000.0 6.5000
 4100.0 6.5000
 4200.0 6.5000
 4300.0 6.5000
 4400.0 6.5000
 4500.0 6.5000
 4600.0 6.5000
 4700.0 6.5000
 4800.0 6.5000
 4828.0 6.1760
 4832.0 6.2066
 4836.0 6.2539
 4840.0 6.2390
 4844.0 6.1688
 4848.0 6.1946
 4852.0 6.1786
 4856.0 6.2060
 4860.0 6.1493
 4864.0 6.0317
 4868.0 6.1241
 4872.0 6.1173
 4876.0 6.2629
 4880.0 6.4051
 4884.0 6.6931
 4888.0 6.9359
 4892.0 7.0611
 4896.0 7.2054
 4900.0 6.5000
 4904.0 6.6839
 4908.0 6.5754
 4912.0 6.3164
 4916.0 6.3665
 4920.0 6.2058
 4924.0 5.9807
 4928.0 5.7720
 4932.0 5.8496
 4936.0 6.1894
 4940.0 6.4294
 4944.0 6.4041
 4948.0 6.6116
 4952.0 6.7121
 4956.0 6.8797
 4960.0 6.8786
 4964.0 6.8381
  4966.49  6.8
  4966.49  6.8 
  4982.49  6.6 
  4982.49  6.6 
  4998.49  6.8 
  4998.49  6.8 
  5014.49  6.6 
  5014.49  6.6 
 5016.0 6.6306
 5020.0 6.5381
 5024.0 6.4306
 5028.0 6.5469
 5032.0 6.4389
 5036.0 6.4295
 5040.0 6.3552
 5044.0 6.4047
 5048.0 6.4229
 5052.0 6.4219
 5056.0 6.4931
 5060.0 6.5751
 5064.0 6.5744
 5068.0 6.6600
 5072.0 6.4840
 5076.0 6.3600
 5080.0 6.2591
 5084.0 6.3146
 5088.0 6.4299
 5092.0 6.4310
 5096.0 6.5006
 5100.0 6.5191
 5104.0 6.4551
 5200.0 6.5000
 5300.0 6.5000
 5400.0 6.5000
 5500.0 6.5000
 5600.0 6.5000
 5700.0 6.5000
 5800.0 6.5000
 5900.0 6.5000
 6000.0 6.5000
