 4000.0 6.5000
 4100.0 6.5000
 4200.0 6.5000
 4300.0 6.5000
 4400.0 6.5000
 4500.0 6.5000
 4600.0 6.5000
 4700.0 6.5000
 4800.0 6.5000
 4828.0 6.3873
 4832.0 6.4018
 4836.0 6.3826
 4856.0 6.4340
 4860.0 6.5528
 4864.0 6.4929
 4868.0 6.5056
 4872.0 6.5907
 4876.0 6.7428
 4880.0 6.7304
 4884.0 6.7005
 4888.0 6.5777
 4892.0 6.5387
 4896.0 6.5624
 4900.0 6.5000
 4904.0 6.6679
 4908.0 6.7975
 4912.0 6.8536
 4916.0 6.9102
 4920.0 6.8234
 4924.0 6.6155
 4928.0 6.3460
 4932.0 6.3531
 4936.0 6.4961
 4940.0 6.7479
 4944.0 6.8970
 4948.0 6.8667
 4952.0 6.7586
 4956.0 6.6830
 4960.0 6.5741
 4964.0 6.5356
  4966.49  6.5 
  4966.49  6.5 
  4982.49  6.8 
  4982.49  6.8 
  4998.49  6.6 
  4998.49  6.6 
  5014.49  7.4 
  5014.49  7.4 
 5016.0 7.0161
 5020.0 6.8541
 5024.0 6.7951
 5028.0 6.7216
 5032.0 6.6990
 5036.0 6.6857
 5040.0 6.6631
 5044.0 6.6311
 5048.0 6.5964
 5052.0 6.5670
 5056.0 6.5494
 5060.0 6.4656
 5064.0 6.4816
 5068.0 6.4527
 5072.0 6.4647
 5076.0 6.5450
 5080.0 6.5279
 5084.0 6.5166
 5088.0 6.5317
 5092.0 6.5989
 5096.0 6.6794
 5100.0 6.6644
 5104.0 6.6626
 5200.0 6.5000
 5300.0 6.5000
 5400.0 6.5000
 5500.0 6.5000
 5600.0 6.5000
 5700.0 6.5000
 5800.0 6.5000
 5900.0 6.5000
 6000.0 6.5000
