  22118.0 4.7400
  22126.0 4.6800
  22134.0 4.7100
  22184.0 4.6675
  22188.0 4.5283
  22192.0 4.6565
  22196.0 4.6427
  22204.0 4.5827
  22212.0 4.5977
  22214.0 5.2570
  22220.0 4.9415
  22222.0 5.1900
  22228.0 4.9665
  22230.0 5.2700
  22236.0 4.8115
  22238.0 5.2650
  22244.0 4.8680
  22246.0 4.9210
  22252.0 4.8335
  22254.0 4.6950
  22260.0 4.7295
  22262.0 4.6220
  22268.0 4.7960
  22270.0 4.5600
  22276.0 4.8895
  22284.0 4.4560
  22292.0 5.1850
  22310.0 5.1265
  22318.0 4.9615
  22326.0 4.7645
  22334.0 4.7280
  22342.0 4.6740
  22350.0 4.6200
  22358.0 4.6710
  22366.0 4.6190
