 1100 11.0 
 1270 11.0 
 1275.0 8.5030
 1279.0 9.1823
 1287.0 8.8250
 1295.0 9.0252
 1303.0 9.6888
 1311.0 10.7443
 1319.0 11.9635
 1327.0 12.8783
 1335.0 13.3314
 1343.0 13.3428
 1351.0 13.8359
 1354.0 14.1505
 1359.0 14.7827
 1362.0 15.1931
 1367.0 15.7704
 1370.0 15.9123
 1374.0 15.8534
 1378.0 15.6379
 1382.0 15.0835
 1390.0 13.8338
 1394.0 13.2939
 1398.0 12.9184
 1402.0 12.7656
 1410.0 13.1544
 1418.0 14.1500
 1426.0 15.1468
 1434.0 15.6448
 1442.0 14.8091
 1450.0 13.4856
 1458.0 12.0160
 1466.0 11.2631
 1474.0 11.3016
 1490.0 12.7806
 1498.0 13.6693
 1502.0 13.8210
 1506.0 13.7069
 1587.0 17.1940
 1594.0 17.1573
 1595.0 17.7405
 1602.0 17.4499
 1603.0 17.0510
 1610.0 17.1741
 1614.0 16.7799
 1618.0 16.1347
 1622.0 15.4470
 1630.0 14.8552
 1638.0 15.0407
 1643.0 15.9560
 1646.0 15.9139
 1651.0 17.3860
 1654.0 17.4819
 1659.0 18.7820
 1662.0 18.4586
 1667.0 18.6910
 1670.0 17.8074
 1675.0 17.0290
 1678.0 15.9017
 1683.0 14.9280
 1686.0 13.8801
 1687.0 14.0360
 1691.0 13.4950
 1694.0 12.9398
 1702.0 13.0959
 1710.0 14.2581
 1718.0 16.1746
 1722.0 17.1747
 1726.0 18.1110
