 1275.0 8.2230
 1279.0 9.1976
 1287.0 8.5261
 1295.0 8.4512
 1303.0 9.1595
 1311.0 10.5038
 1319.0 12.1763
 1327.0 13.3831
 1335.0 13.5996
 1343.0 13.4529
 1351.0 13.3664
 1354.0 13.4935
 1359.0 13.8690
 1362.0 14.1104
 1367.0 14.5113
 1370.0 14.6692
 1374.0 14.7334
 1378.0 14.5746
 1382.0 14.1699
 1390.0 13.0785
 1394.0 12.4831
 1398.0 11.9144
 1402.0 11.5623
 1410.0 11.4452
 1418.0 12.0030
 1426.0 12.9243
 1434.0 13.6449
 1442.0 13.3716
 1450.0 12.2746
 1458.0 11.1813
 1466.0 10.7302
 1474.0 10.7070
 1482.0 10.5000
 1490.0 11.6697
 1498.0 12.2427
 1502.0 12.4090
 1506.0 12.2991
 1579.0 14.8210
 1587.0 14.2735
 1594.0 14.6284
 1595.0 15.0290
 1602.0 14.9510
 1603.0 14.7170
 1610.0 14.4061
 1614.0 14.1121
 1618.0 13.7253
 1622.0 13.3580
 1630.0 12.8438
 1638.0 12.7674
 1643.0 13.4140
 1646.0 13.3391
 1651.0 14.2720
 1654.0 14.4700
 1659.0 15.8600
 1662.0 16.0484
 1667.0 17.1560
 1670.0 16.9730
 1675.0 17.4060
 1678.0 16.8146
 1683.0 16.5350
 1686.0 15.6104
 1687.0 15.9710
 1691.0 15.4040
 1694.0 14.6872
 1702.0 14.3193
 1710.0 14.4744
 1718.0 15.1597
 1722.0 15.6207
 1726.0 16.0676
