1 3024.0 64
2 3152.0 64
3 3280.0 64
4 3408.0 64
5 0.0 64
6 0.0 64
7 0.0 64
8 0.0 64
9 3024.0 64
10 3152.0 64
11 3280.0 64
12 3408.0 64
13 0.0 64
14 0.0 64
15 0.0 64
16 0.0 64
17 3024.0 64
18 3152.0 64
19 3280.0 64
20 3408.0 64
21 0.0 64
22 0.0 64
23 0.0 64
24 0.0 64
25 3024.0 64
26 3152.0 64
27 3280.0 64
28 3408.0 64
29 0.0 64
30 0.0 64
31 0.0 64
32 0.0 64
65 0.0 64
66 0.0 64
67 0.0 64
68 0.0 64
69 0.0 64
70 0.0 64
71 0.0 64
72 0.0 64
73 0.0 64
74 0.0 64
75 0.0 64
76 0.0 64
77 0.0 64
78 0.0 64
79 0.0 64
80 0.0 64
81 0.0 64
82 0.0 64
83 0.0 64
84 0.0 64
85 0.0 64
86 0.0 64
87 0.0 64
88 0.0 64
89 0.0 64
90 0.0 64
91 0.0 64
92 0.0 64
93 0.0 64
94 0.0 64
95 0.0 64
96 0.0 64

